tick,z,x,y,speed,yvel,xvel,side_push,fuel,oxy,on_ground,jumping,on_ice,on_sticky,over_hole,tile,end_state,expl,end_frames,ap_delta,ap_light,edge_dist,fly,sfx
1,196683,32676,10240,75,-115,-29,0,30000,29996,1,0,0,0,0,5,0,0,0,0,0,32767,0,0
2,196833,32580,10240,150,-115,-29,0,30000,29992,1,0,0,0,0,5,0,0,0,0,0,32767,0,0
3,197058,32479,10240,225,-115,-29,0,30000,29988,1,0,0,0,0,5,0,0,0,0,0,32767,0,0
4,197358,32374,10240,300,-115,-29,0,30000,29984,1,0,0,0,0,5,0,0,0,0,0,32767,0,0
5,197733,32265,10240,375,-115,-29,0,29999,29980,1,0,0,0,0,5,0,0,0,0,0,32767,0,0
6,198183,32152,10240,450,-115,-29,0,29998,29976,1,0,0,0,0,5,0,0,0,0,0,32767,0,0
7,198708,32034,10240,525,-115,-29,0,29997,29972,1,0,0,0,0,5,0,0,0,0,0,32767,0,0
8,199308,31912,10240,600,-115,-29,0,29996,29968,1,0,0,0,0,5,0,0,0,0,0,32767,0,0
9,199983,31786,10240,675,-115,-29,0,29994,29964,1,0,0,0,0,5,0,0,0,0,0,32767,0,0
10,200733,31656,10240,750,-115,-29,0,29992,29960,1,0,0,0,0,5,0,0,0,0,0,32767,0,0
11,201558,31521,10240,825,-115,-29,0,29990,29956,1,0,0,0,0,5,0,0,0,0,0,32767,0,0
12,202458,31382,10240,900,-115,-29,0,29988,29952,1,0,0,0,0,5,0,0,0,0,0,32767,0,0
13,203433,31239,10240,975,-115,-29,0,29986,29948,1,0,0,0,0,5,0,0,0,0,0,32767,0,0
14,204483,31092,10240,1050,-115,-29,0,29983,29944,1,0,0,0,0,5,0,0,0,0,0,32767,0,0
15,205608,30940,10240,1125,-115,-29,0,29980,29940,1,0,0,0,0,5,0,0,0,0,0,32767,0,0
16,206808,30784,10240,1200,-115,-29,0,29977,29936,1,0,0,0,0,5,0,0,0,0,0,32767,0,0
17,208083,30624,10240,1275,-115,-29,0,29974,29932,1,0,0,0,0,5,0,0,0,0,0,32767,0,0
18,209433,30460,10240,1350,-115,-29,0,29970,29928,1,0,0,0,0,5,0,0,0,0,0,32767,0,0
19,210858,30291,10240,1425,-115,-29,0,29966,29924,1,0,0,0,0,5,0,0,0,0,0,32767,0,0
20,212358,30118,10240,1500,-115,-29,0,29962,29920,1,0,0,0,0,5,0,0,0,0,0,32767,0,0
21,213933,29941,10240,1575,-115,-29,0,29958,29916,1,0,0,0,0,5,0,0,0,0,0,32767,0,0
22,215583,29760,10240,1650,-115,-29,0,29953,29912,1,0,0,0,0,5,0,0,0,0,0,32767,0,0
23,217308,29574,10240,1725,-115,-29,0,29948,29908,1,0,0,0,0,5,0,0,0,0,0,32767,0,0
24,219108,29384,10240,1800,-115,-29,0,29943,29904,1,0,0,0,0,5,0,0,0,0,0,32767,0,0
25,220983,29578,10240,1875,-115,29,0,29938,29900,1,0,0,0,0,5,0,0,0,0,0,32767,0,0
26,222933,29776,10240,1950,-115,29,0,29933,29896,1,0,0,0,0,5,0,0,0,0,0,32767,0,0
27,224958,29979,10240,2025,-115,29,0,29927,29892,1,0,0,0,0,5,0,0,0,0,0,32767,0,0
28,227058,29979,10240,2100,-115,0,0,29921,29888,1,0,0,0,0,5,0,0,0,0,0,32767,0,0
29,229233,29979,10240,2175,-115,0,0,29915,29884,1,0,0,0,0,5,0,0,0,0,0,32767,0,0
30,231483,29979,10240,2250,-115,0,0,29909,29880,1,0,0,0,0,5,0,0,0,0,0,32767,0,0
31,233808,29979,10240,2325,-115,0,0,29902,29876,1,0,0,0,0,5,0,0,0,0,0,32767,0,0
32,236208,29979,10240,2400,-115,0,0,29895,29872,1,0,0,0,0,5,0,0,0,0,0,32767,0,0
33,238683,29979,10240,2475,-115,0,0,29888,29868,1,0,0,0,0,5,0,0,0,0,0,32767,0,0
34,241233,29979,10240,2550,-115,0,0,29881,29864,1,0,0,0,0,5,0,0,0,0,0,32767,0,0
35,243858,29979,10240,2625,-115,0,0,29873,29860,1,0,0,0,0,5,0,0,0,0,0,32767,0,0
36,246558,29979,10240,2700,-115,0,0,29865,29856,1,0,0,0,0,5,0,0,0,0,0,32767,0,0
37,249333,29979,10240,2775,-115,0,0,29857,29852,1,0,0,0,0,5,0,0,0,0,0,32767,0,0
38,252183,29979,10240,2850,-115,0,0,29849,29848,1,0,0,0,0,5,0,0,0,0,0,32767,0,0
39,255108,29979,10240,2925,-115,0,0,29841,29844,1,0,0,0,0,5,0,0,0,0,0,32767,0,0
40,258108,29979,10240,3000,-115,0,0,29832,29840,1,0,0,0,0,5,0,0,0,0,0,32767,0,0
41,261183,29979,10240,3075,-115,0,0,29823,29836,1,0,0,0,0,5,0,0,0,0,0,32767,0,0
42,264333,29979,10240,3150,-115,0,0,29814,29832,1,0,0,0,0,5,0,0,0,0,0,32767,0,0
43,267558,29979,10240,3225,-115,0,0,29805,29828,1,0,0,0,0,5,0,0,0,0,0,32767,0,0
44,270858,29979,10240,3300,-115,0,0,29795,29824,1,0,0,0,0,5,0,0,0,0,0,32767,0,0
45,274233,29979,10240,3375,-115,0,0,29785,29820,1,0,0,0,0,5,0,0,0,0,0,32767,0,0
46,277683,29979,10240,3450,-115,0,0,29775,29816,1,0,0,0,0,5,0,0,0,0,0,32767,0,0
47,281208,29979,10240,3525,-115,0,0,29765,29812,1,0,0,0,0,5,0,0,0,0,0,32767,0,0
48,284808,29979,10240,3600,-115,0,0,29755,29808,1,0,0,0,0,5,0,0,0,0,0,32767,0,0
49,288483,29979,10240,3675,-115,0,0,29744,29804,1,0,0,0,0,5,0,0,0,0,0,32767,0,0
50,292233,29979,10240,3750,-115,0,0,29733,29800,1,0,0,0,0,5,0,0,0,0,0,32767,0,0
51,296058,29979,10240,3825,-115,0,0,29722,29796,1,0,0,0,0,5,0,0,0,0,0,32767,0,0
52,299958,29979,10240,3900,-115,0,0,29711,29792,1,0,0,0,0,5,0,0,0,0,0,32767,0,0
53,303933,29979,10240,3975,-115,0,0,29699,29788,1,0,0,0,0,5,0,0,0,0,0,32767,0,0
54,307983,29979,10240,4050,-115,0,0,29687,29784,1,0,0,0,0,5,0,0,0,0,0,32767,0,0
55,312108,29979,10240,4125,-115,0,0,29675,29780,1,0,0,0,0,5,0,0,0,0,0,32767,0,0
56,316308,29979,10240,4200,-115,0,0,29663,29776,1,0,0,0,0,5,0,0,0,0,0,32767,0,0
57,320583,29979,10240,4275,-115,0,0,29650,29772,1,0,0,0,0,5,0,0,0,0,0,32767,0,0
58,324933,29979,10240,4350,-115,0,0,29637,29768,1,0,0,0,0,5,0,0,0,0,0,32767,0,0
59,329358,29979,10240,4425,-115,0,0,29624,29764,1,0,0,0,0,5,0,0,0,0,0,32767,0,0
60,333858,29979,10240,4500,-115,0,0,29611,29760,1,0,0,0,0,5,0,0,0,0,0,32767,0,0
61,338433,29979,10240,4575,-115,0,0,29598,29756,1,0,0,0,0,5,0,0,0,0,0,32767,0,0
62,343083,29979,10240,4650,-115,0,0,29584,29752,1,0,0,0,0,5,0,0,0,0,0,32767,0,0
63,347808,29979,10240,4725,-115,0,0,29570,29748,1,0,0,0,0,5,0,0,0,0,0,32767,0,0
64,352608,29979,10240,4800,-115,0,0,29556,29744,1,0,0,0,0,5,0,0,0,0,0,32767,0,0
65,357483,29979,10240,4875,-115,0,0,29542,29740,1,0,0,0,0,5,0,0,0,0,0,32767,0,0
66,362433,29979,10240,4950,-115,0,0,29527,29736,1,0,0,0,0,5,0,0,0,0,0,32767,0,0
67,367458,29979,10240,5025,-115,0,0,29512,29732,1,0,0,0,0,5,0,0,0,0,0,32767,0,0
68,372558,29979,10240,5100,-115,0,0,29497,29728,1,0,0,0,0,5,0,0,0,0,0,32767,0,0
69,377733,29979,10240,5175,-115,0,0,29482,29724,1,0,0,0,0,5,0,0,0,0,0,32767,0,0
70,382983,29979,10240,5250,-115,0,0,29466,29720,1,0,0,0,0,5,0,0,0,0,0,32767,0,0
71,388308,29979,10240,5325,-115,0,0,29450,29716,1,0,0,0,0,5,0,0,0,0,0,32767,0,0
72,393708,29979,10240,5400,-115,0,0,29434,29712,1,0,0,0,0,5,0,0,0,0,0,32767,0,0
73,399183,29979,11277,5475,1037,0,0,29418,29708,0,1,0,0,0,5,0,0,0,0,0,32767,0,0
74,404733,29979,12199,5550,922,0,0,29402,29704,0,1,0,0,0,5,0,0,0,0,0,32767,0,0
75,410358,29979,13006,5625,807,0,0,29385,29700,0,1,0,0,0,5,0,0,0,0,0,32767,0,0
76,416058,29568,13698,5700,692,-29,0,29368,29696,0,1,0,0,0,5,0,0,0,0,0,32767,0,0
77,421833,29153,14275,5775,577,-29,0,29351,29692,0,1,0,0,0,5,0,0,0,0,0,32767,0,0
78,428853,28668,14737,7020,462,-29,0,29330,29688,0,1,0,0,0,5,0,0,0,1170,1,32767,0,0
79,435948,28178,15084,7095,347,-29,0,29309,29684,0,1,0,0,0,5,0,0,0,1170,1,32767,0,0
80,443118,27684,15316,7170,232,-29,0,29288,29680,0,1,0,0,0,5,0,0,0,1170,1,32767,0,0
81,450363,27186,15433,7245,117,-29,0,29266,29676,0,1,0,0,0,5,0,0,0,1170,1,32767,0,0
82,457683,26684,15435,7320,2,-29,0,29244,29672,0,1,0,0,0,5,0,0,0,1170,1,32767,0,0
83,465078,26177,15322,7395,-113,-29,0,29222,29668,0,1,0,0,0,5,0,0,0,1170,1,32767,0,0
84,472548,25666,15094,7470,-228,-29,0,29200,29664,0,1,0,0,0,5,0,0,0,1170,1,32767,0,0
85,480093,25151,14751,7545,-343,-29,0,29177,29660,0,1,0,0,0,5,0,0,0,1170,1,32767,0,0
86,487713,24632,14293,7620,-458,-29,0,29154,29656,0,1,0,0,0,5,0,0,0,1170,1,32767,0,0
87,495408,24108,13720,7695,-573,-29,0,29131,29652,0,1,0,0,0,5,0,0,0,1170,1,32767,0,0
88,503178,23580,13032,7770,-688,-29,0,29108,29648,0,1,0,0,0,5,0,0,0,1170,1,32767,0,0
89,511023,23048,12229,7845,-803,-29,0,29085,29644,0,1,0,0,1,0,0,0,0,1170,1,32767,0,0
90,518943,22512,11311,7920,-918,-29,0,29061,29640,0,1,0,0,1,0,0,0,0,1170,1,32767,0,0
91,526938,21971,10278,7995,-1033,-29,0,29037,29636,0,1,0,0,1,0,0,0,0,1170,1,32767,0,0
92,535008,21426,10240,6900,-1148,-29,0,29016,29632,1,0,0,0,0,7,0,0,0,0,0,32767,0,0
93,541983,20943,10699,6975,459,-29,0,28995,29628,0,0,0,0,0,7,0,0,0,0,0,32767,0,2
94,549033,20943,11043,7050,344,0,0,28974,29624,0,0,0,0,0,7,0,0,0,0,0,32767,0,0
95,556158,20943,11272,7125,229,0,0,28953,29620,0,0,0,0,0,7,0,0,0,0,0,32767,0,0
96,563358,20943,11386,7200,114,0,0,28932,29616,0,0,0,0,0,7,0,0,0,0,0,32767,0,0
97,570633,20443,11385,7275,-1,-29,0,28910,29612,0,0,0,0,0,7,0,0,0,0,0,32767,0,0
98,577983,19939,11269,7350,-116,-29,0,28888,29608,0,0,0,0,0,7,0,0,0,0,0,32767,0,0
99,585408,19840,11038,7274,-231,0,0,28866,29604,0,0,0,0,0,7,0,0,0,0,0,32767,0,0
100,592757,19336,10692,7349,-346,-29,0,28844,29600,0,0,0,0,0,7,0,0,0,0,0,32767,0,0
101,600181,18828,10240,7424,-461,-29,17,28822,29596,1,0,0,0,1,0,0,0,0,0,0,8,0,0
102,607680,18332,10355,7499,115,-29,17,28800,29592,0,0,0,0,1,0,0,0,0,0,0,8,0,2
103,615254,17832,10355,7574,0,-29,17,28777,29588,0,0,0,0,1,0,0,0,0,0,0,8,0,0
104,622903,18370,11392,7649,1037,29,17,28754,29584,0,1,0,0,0,5,0,0,0,0,0,8,0,0
105,630627,18912,12314,7724,922,29,17,28731,29580,0,1,0,0,1,0,0,0,0,0,0,8,0,0
106,638426,19459,13121,7799,807,29,17,28708,29576,0,1,0,0,1,0,0,0,0,0,0,8,0,0
107,646300,20010,13813,7874,692,29,17,28684,29572,0,1,0,0,1,0,0,0,0,0,0,8,0,0
108,654249,20565,14390,7949,577,29,17,28660,29568,0,1,0,0,1,0,0,0,0,0,0,8,0,0
109,662273,21124,14852,8024,462,29,17,28636,29564,0,1,0,0,1,0,0,0,0,0,0,8,0,0
110,670372,21688,15199,8099,347,29,17,28612,29560,0,1,0,0,1,0,0,0,0,0,0,8,0,0
111,678546,22256,15431,8174,232,29,17,28588,29556,0,1,0,0,1,0,0,0,0,0,0,8,0,0
112,686795,22828,15548,8249,117,29,17,28563,29552,0,1,0,0,1,0,0,0,0,0,0,8,0,0
113,695119,23404,15550,8324,2,29,17,28538,29548,0,1,0,0,1,0,0,0,0,0,0,8,0,0
114,703518,23985,15437,8399,-113,29,17,28513,29544,0,1,0,0,1,0,0,0,0,0,0,8,0,0
115,711992,24570,15209,8474,-228,29,17,28488,29540,0,1,0,0,0,5,0,0,0,0,0,8,0,0
116,720541,25159,14866,8549,-343,29,17,28462,29536,0,1,0,0,0,5,0,0,0,0,0,8,0,0
117,729165,25752,14408,8624,-458,29,17,28436,29532,0,1,0,0,0,5,0,0,0,0,0,8,0,0
118,737864,26350,13835,8699,-573,29,17,28410,29528,0,1,0,0,0,5,0,0,0,0,0,8,0,0
119,746638,26952,13147,8774,-688,29,17,28384,29524,0,1,0,0,0,5,0,0,0,0,0,8,0,0
120,755487,27558,12344,8849,-803,29,17,28357,29520,0,1,0,0,0,5,0,0,0,0,0,8,0,0
121,764411,28168,11426,8924,-918,29,17,28330,29516,0,1,0,0,0,5,0,0,0,0,0,8,0,0
122,773410,28783,10393,8999,-1033,29,17,28303,29512,0,1,0,0,0,5,0,0,0,0,0,8,0,0
123,782484,29402,10240,9074,-1148,29,0,28276,29508,1,0,0,0,0,5,0,0,0,0,0,32767,0,0
124,791633,30008,10699,9149,459,29,0,28249,29504,0,0,0,0,0,5,0,0,0,0,0,32767,0,2
125,800857,30618,11043,9224,344,29,0,28221,29500,0,0,0,0,0,5,0,0,0,0,0,32767,0,0
126,810156,31233,11272,9299,229,29,0,28193,29496,0,0,0,0,0,5,0,0,0,0,0,32767,0,0
127,819530,31233,11386,9374,114,0,0,28165,29492,0,0,0,0,0,5,0,0,0,0,0,32767,0,0
128,828979,31233,11385,9449,-1,0,0,28137,29488,0,0,0,0,0,5,0,0,0,0,0,32767,0,0
129,838503,31233,11269,9524,-116,0,0,28108,29484,0,0,0,0,0,5,0,0,0,0,0,32767,0,0
130,848102,30601,11038,9599,-231,-29,0,28079,29480,0,0,0,0,0,5,0,0,0,0,0,32767,0,0
131,857776,29965,10692,9674,-346,-29,0,28050,29476,0,0,0,0,0,5,0,0,0,0,0,32767,0,0
132,867525,29325,10240,9749,-461,-29,0,28021,29472,1,0,0,0,0,5,0,0,0,0,0,32767,0,0
133,877349,29969,11277,9824,1037,29,0,27992,29468,0,1,0,0,0,5,0,0,0,0,0,32767,0,2
134,887248,30618,12199,9899,922,29,0,27962,29464,0,1,0,0,0,5,0,0,0,0,0,32767,0,0
135,897222,31271,13006,9974,807,29,0,27932,29460,0,1,0,0,0,5,0,0,0,0,0,32767,0,0
136,907196,31924,13698,9974,692,29,0,27902,29456,0,1,0,0,0,5,0,0,0,0,0,32767,0,0
137,917170,32577,14275,9974,577,29,0,27872,29452,0,1,0,0,0,5,0,0,0,0,0,32767,0,0
138,926147,33173,14737,8977,462,29,0,27845,29448,0,1,0,0,0,5,0,0,0,-997,1,32767,0,0
139,935199,33774,15084,9052,347,29,0,27818,29444,0,1,0,0,0,5,0,0,0,-997,1,32767,0,0
140,944326,34379,15316,9127,232,29,0,27791,29440,0,1,0,0,0,5,0,0,0,-997,1,32767,0,0
141,953528,34988,15433,9202,117,29,0,27763,29436,0,1,0,0,0,5,0,0,0,-997,1,32767,0,0
142,962805,35601,15435,9277,2,29,0,27735,29432,0,1,0,0,0,5,0,0,0,-997,1,32767,0,0
143,972157,36219,15322,9352,-113,29,0,27707,29428,0,1,0,0,0,5,0,0,0,-997,1,32767,0,0
144,981584,36841,15094,9427,-228,29,0,27679,29424,0,1,0,0,0,5,0,0,0,-997,1,32767,0,0
145,991086,37467,14751,9502,-343,29,0,27651,29420,0,1,0,0,0,5,0,0,0,-997,1,32767,0,0
146,1000663,38097,14293,9577,-458,29,0,27622,29416,0,1,0,0,0,5,0,0,0,-997,1,32767,0,0
147,1010315,38732,13720,9652,-573,29,0,27593,29412,0,1,0,0,0,5,0,0,0,-997,1,32767,0,0
148,1020042,39371,13032,9727,-688,29,0,27564,29408,0,1,0,0,0,5,0,0,0,-997,1,32767,0,0
149,1029844,40014,12229,9802,-803,29,0,27535,29404,0,1,0,0,0,5,0,0,0,-997,1,32767,0,0
150,1039721,40661,11311,9877,-918,29,0,27505,29400,0,1,0,0,0,5,0,0,0,-997,1,32767,0,0
151,1049673,41313,10278,9952,-1033,29,0,27475,29396,0,1,0,0,0,5,0,0,0,-997,1,32767,0,0
152,1059700,41969,10240,10922,-1148,29,17,27442,29392,1,0,0,0,0,5,0,0,0,0,0,12,0,0
153,1070622,42692,10699,10922,459,29,17,27409,29388,0,0,0,0,1,0,0,0,0,0,0,12,0,2
154,1081544,43415,11043,10922,344,29,17,27376,29384,0,0,0,0,1,0,0,0,0,0,0,12,0,0
155,1092466,44138,11272,10922,229,29,17,27343,29380,0,0,0,0,1,0,0,0,0,0,0,12,0,0
156,1103388,44861,11386,10922,114,29,17,27310,29376,0,0,0,0,1,0,0,0,0,0,0,12,0,0
157,1114310,45584,11385,10922,-1,29,17,27277,29372,0,0,0,0,1,0,0,0,0,0,0,12,0,0
158,1125232,46307,11269,10922,-116,29,17,27244,29368,0,0,0,0,1,0,0,0,0,0,0,12,0,0
159,1136154,47030,11038,10922,-231,29,17,27211,29364,0,0,0,0,1,0,0,0,0,0,0,12,0,0
160,1147076,47753,10692,10922,-346,29,17,27178,29360,0,0,0,0,1,0,0,0,0,0,0,12,0,0
161,1157998,47770,11729,10922,1037,0,17,27145,29356,0,1,0,0,0,5,0,0,0,0,0,12,0,0
162,1168920,47787,12651,10922,922,0,17,27112,29352,0,1,0,0,0,5,0,0,0,0,0,12,0,0
163,1179842,47804,13458,10922,807,0,17,27079,29348,0,1,0,0,0,5,0,0,0,0,0,12,0,0
164,1190764,47821,14150,10922,692,0,17,27046,29344,0,1,0,0,0,5,0,0,0,0,0,12,0,0
165,1201686,47838,14727,10922,577,0,17,27013,29340,0,1,0,0,0,5,0,0,0,0,0,12,0,0
166,1212608,47855,15189,10922,462,0,17,26980,29336,0,1,0,0,0,5,0,0,0,0,0,12,0,0
167,1223530,47872,15536,10922,347,0,17,26947,29332,0,1,0,0,0,5,0,0,0,0,0,12,0,0
168,1234452,47889,15768,10922,232,0,17,26914,29328,0,1,0,0,0,5,0,0,0,0,0,12,0,0
169,1245374,47906,15885,10922,117,0,17,26881,29324,0,1,0,0,0,5,0,0,0,0,0,12,0,0
170,1256296,47923,15887,10922,2,0,17,26848,29320,0,1,0,0,0,1029,0,0,0,0,0,12,0,0
171,1267218,47940,15774,10922,-113,0,17,26815,29316,0,1,0,0,0,1029,0,0,0,0,0,12,0,0
172,1278140,47957,15546,10922,-228,0,17,26782,29312,0,1,0,0,0,1029,0,0,0,0,0,12,0,0
173,1289062,47974,15360,10922,-343,0,0,26749,29308,1,0,0,0,0,1029,0,0,0,0,0,32767,0,0
174,1299984,47268,15416,10922,56,-29,0,26716,29304,0,0,0,0,0,1029,0,0,0,0,0,32767,0,2
175,1310906,47974,15357,10922,-59,29,0,26683,29300,0,0,0,0,0,7,0,0,0,0,0,32767,0,0
176,1321828,48680,15183,10922,-174,29,0,26650,29296,0,0,0,0,0,5,0,0,0,0,0,32767,0,0
177,1332750,49386,14894,10922,-289,29,0,26617,29292,0,0,0,0,0,5,0,0,0,0,0,32767,0,0
178,1343672,49386,14490,10922,-404,0,0,26584,29288,0,0,0,0,0,5,0,0,0,0,0,32767,0,0
179,1354594,49386,13971,10922,-519,0,0,26551,29284,0,0,0,0,0,5,0,0,0,0,0,32767,0,0
180,1365516,49386,13337,10922,-634,0,0,26518,29280,0,0,0,0,0,5,0,0,0,0,0,32767,0,0
181,1376438,49386,12588,10922,-749,0,0,26485,29276,0,0,0,0,0,5,0,0,0,0,0,32767,0,0
182,1387360,49386,11724,10922,-864,0,0,26452,29272,0,0,0,0,0,5,0,0,0,0,0,32767,0,0
183,1398282,49386,10745,10922,-979,0,0,26419,29268,0,0,0,0,0,5,0,0,0,0,0,32767,0,0
184,1409204,49386,10240,10922,-1094,0,0,26386,29264,1,0,0,0,0,5,0,0,0,0,0,32767,0,0
185,1420126,49386,10672,10922,432,0,0,26353,29260,0,0,0,0,0,5,0,0,0,0,0,32767,0,2
186,1431048,49386,10989,10922,317,0,0,26320,29256,0,0,0,0,0,5,0,0,0,0,0,32767,0,0
187,1441970,49386,12026,10922,1037,0,0,26287,29252,0,1,0,0,0,5,0,0,0,0,0,32767,0,0
188,1452892,49386,12948,10922,922,0,0,26254,29248,0,1,0,0,1,0,0,0,0,0,0,32767,0,0
189,1463814,49386,13755,10922,807,0,0,26221,29244,0,1,0,0,1,0,0,0,0,0,0,32767,0,0
190,1474736,49386,14447,10922,692,0,0,26188,29240,0,1,0,0,1,0,0,0,0,0,0,32767,0,0
191,1485658,49386,15024,10922,577,0,0,26155,29236,0,1,0,0,1,0,0,0,0,0,0,32767,0,0
192,1496580,49386,15486,10922,462,0,0,26122,29232,0,1,0,0,1,0,0,0,0,0,0,32767,0,0
193,1507502,49386,15833,10922,347,0,0,26089,29228,0,1,0,0,1,0,0,0,0,0,0,32767,0,0
194,1518424,49386,16065,10922,232,0,0,26056,29224,0,1,0,0,0,7,0,0,0,0,0,32767,0,0
195,1529346,49386,16182,10922,117,0,0,26023,29220,0,1,0,0,0,7,0,0,0,0,0,32767,0,0
196,1540268,49386,16184,10922,2,0,0,25990,29216,0,1,0,0,0,7,0,0,0,0,0,32767,0,0
197,1551190,49386,16071,10922,-113,0,0,25957,29212,0,1,0,0,0,7,0,0,0,0,0,32767,0,0
198,1562112,49386,15843,10922,-228,0,0,25924,29208,0,1,0,0,0,7,0,0,0,0,0,32767,0,0
199,1573034,49386,15500,10922,-343,0,0,25891,29204,0,1,0,0,0,7,0,0,0,0,0,32767,0,0
200,1583956,49386,15042,10922,-458,0,0,25858,29200,0,1,0,0,0,7,0,0,0,0,0,32767,0,0
201,1594878,49386,14469,10922,-573,0,0,25825,29196,0,1,0,0,0,7,0,0,0,0,0,32767,0,0
202,1605800,49386,13781,10922,-688,0,0,25792,29192,0,1,0,0,0,7,0,0,0,0,0,32767,0,0
203,1616722,49386,12978,10922,-803,0,0,25759,29188,0,1,0,0,0,7,0,0,0,0,0,32767,0,0
204,1627644,49386,12060,10922,-918,0,0,25726,29184,0,1,0,0,0,7,0,0,0,0,0,32767,0,0
205,1638566,49386,11027,10922,-1033,0,0,25693,29180,0,1,0,0,0,7,0,0,0,0,0,32767,0,0
206,1649488,49386,10240,10922,-1148,0,0,25660,29176,1,0,0,0,0,7,0,0,0,0,0,32767,0,0
207,1660410,48680,10699,10922,459,-29,0,25627,29172,0,0,0,0,0,7,0,0,0,0,0,32767,0,2
208,1671332,48680,11736,10922,1037,0,0,25594,29168,0,1,0,0,0,7,0,0,0,0,0,32767,0,0
209,1682254,48680,12658,10922,922,0,0,25561,29164,0,1,0,0,0,7,0,0,0,0,0,32767,0,0
210,1693176,48680,13465,10922,807,0,0,25528,29160,0,1,0,0,0,7,0,0,0,0,0,32767,0,0
211,1704098,48680,14157,10922,692,0,0,25495,29156,0,1,0,0,0,7,0,0,0,0,0,32767,0,0
212,1715020,48680,14734,10922,577,0,0,25462,29152,0,1,0,0,0,512,0,0,0,0,0,32767,0,0
213,1725942,48680,15196,10922,462,0,0,25429,29148,0,1,0,0,0,512,0,0,0,0,0,32767,0,0
214,1736864,48680,15543,10922,347,0,0,25396,29144,0,1,0,0,0,512,0,0,0,0,0,32767,0,0
215,1747786,48680,15775,10922,232,0,0,25363,29140,0,1,0,0,0,512,0,0,0,0,0,32767,0,0
216,1758708,48680,15892,10922,117,0,0,25330,29136,0,1,0,0,0,512,0,0,0,0,0,32767,0,0
217,1769630,48680,15894,10922,2,0,0,25297,29132,0,1,0,0,0,512,0,0,0,0,0,32767,0,0
218,1780552,48680,15781,10922,-113,0,0,25264,29128,0,1,0,0,0,512,0,0,0,0,0,32767,0,0
219,1791474,48680,15553,10922,-228,0,0,25231,29124,0,1,0,0,0,512,0,0,0,0,0,32767,0,0
220,1802396,48680,15210,10922,-343,0,0,25198,29120,0,1,0,0,0,512,0,0,0,0,0,32767,0,0
221,1813318,48680,14752,10922,-458,0,0,25165,29116,0,1,0,0,0,512,0,0,0,0,0,32767,0,0
222,1824240,48680,14179,10922,-573,0,0,25132,29112,0,1,0,0,0,512,0,0,0,0,0,32767,0,0
223,1835162,48680,13491,10922,-688,0,0,25099,29108,0,1,0,0,0,512,0,0,0,0,0,32767,0,0
224,1846084,48680,12800,10922,-803,0,0,25066,29104,1,0,0,0,0,512,0,0,0,0,0,32767,0,0
225,1857006,47974,13086,10922,286,-29,0,25033,29100,0,0,0,0,0,512,0,0,0,0,0,32767,0,2
226,1867928,47974,13257,10922,171,0,0,25000,29096,0,0,0,0,0,512,0,0,0,0,0,32767,0,0
227,1878850,47974,13313,10922,56,0,0,24967,29092,0,0,0,0,0,512,0,0,0,0,0,32767,0,0
228,1889772,47974,13254,10922,-59,0,0,24934,29088,0,0,0,0,0,512,0,0,0,0,0,32767,0,0
229,1900694,47974,13080,10922,-174,0,0,24901,29084,0,0,0,0,0,512,0,0,0,0,0,32767,0,0
230,1911616,47974,12791,10922,-289,0,0,24868,29080,0,0,0,0,1,0,0,0,0,0,0,32767,0,0
231,1922538,47974,12387,10922,-404,0,0,24835,29076,0,0,0,0,1,0,0,0,0,0,0,32767,0,0
232,1933460,47974,11868,10922,-519,0,0,24802,29072,0,0,0,0,1,0,0,0,0,0,0,32767,0,0
233,1944382,47974,11234,10922,-634,0,0,24769,29068,0,0,0,0,1,0,0,0,0,0,0,32767,0,0
234,1955304,47974,10485,10922,-749,0,0,24736,29064,0,0,0,0,1,0,0,0,0,0,0,32767,0,0
235,1966226,47974,10240,10922,-864,0,17,24703,29060,1,0,0,0,1,0,0,0,0,0,0,11,0,0
236,1977148,47991,10557,10922,317,0,17,24670,29056,0,0,0,0,1,0,0,0,0,0,0,11,0,2
237,1988070,48008,10759,10922,202,0,17,24637,29052,0,0,0,0,1,0,0,0,0,0,0,11,0,0
238,1998992,47319,10846,10922,87,-29,17,24604,29048,0,0,0,0,1,0,0,0,0,0,0,11,0,0
239,2009914,46630,10818,10922,-28,-29,17,24571,29044,0,0,0,0,0,11,0,0,0,0,0,11,0,0
240,2020836,45941,10675,10922,-143,-29,17,24538,29040,0,0,0,0,0,11,0,0,0,0,0,11,0,0
241,2031758,45252,10417,10922,-258,-29,17,24505,29036,0,0,0,0,0,11,0,0,0,0,0,11,0,0
242,2042680,44563,10240,10922,-373,-29,0,24472,29032,1,0,0,0,0,11,0,0,0,0,0,32767,0,0
243,2053602,43857,10311,10922,71,-29,0,24439,29028,0,0,0,0,0,11,0,0,0,0,0,32767,0,0
244,2064524,43392,10267,10771,-44,0,0,24407,29024,0,0,0,0,0,11,0,0,0,0,0,32767,0,0
245,2075370,43392,10240,10695,-159,0,0,24375,29020,1,0,0,0,0,11,0,0,0,0,0,32767,0,0
246,2086140,43392,10240,10619,-115,0,0,24343,29016,1,0,0,0,0,11,0,0,0,0,0,32767,0,0
247,2096834,43392,10240,10543,-115,0,0,24311,29012,1,0,0,0,0,11,0,0,0,0,0,32767,0,0
248,2107452,42703,10240,10618,-115,-29,0,24279,29008,1,0,0,0,0,11,0,0,0,0,0,32767,0,0
249,2118145,42009,10240,10693,-115,-29,0,24247,29004,1,0,0,0,0,11,0,0,0,0,0,32767,0,0
250,2128913,41311,10240,10768,-115,-29,0,24215,29000,1,0,0,0,0,11,0,0,0,0,0,32767,0,0
251,2139756,40609,10240,10843,-115,-29,0,24182,28996,1,0,0,0,0,11,0,0,0,0,0,32767,0,0
252,2150674,39903,10240,10918,-115,-29,0,24149,28992,1,0,0,0,0,11,0,0,0,0,0,32767,0,0
253,2161596,39197,10240,10922,-115,-29,0,24116,28988,1,0,0,0,0,11,0,0,0,0,0,32767,0,0
254,2172518,38491,10240,10922,-115,-29,0,24083,28984,1,0,0,0,0,11,0,0,0,0,0,32767,0,0
255,2183440,37785,10240,10922,-115,-29,0,24050,28980,1,0,0,0,0,11,0,0,0,0,0,32767,0,0
256,2194362,37785,11277,10922,1037,0,0,24017,28976,0,1,0,0,0,11,0,0,0,0,0,32767,0,0
257,2205284,37785,12199,10922,922,0,0,23984,28972,0,1,0,0,0,11,0,0,0,0,0,32767,0,0
258,2216206,37785,13006,10922,807,0,0,23951,28968,0,1,0,0,0,11,0,0,0,0,0,32767,0,0
259,2227128,37785,13698,10922,692,0,0,23918,28964,0,1,0,0,0,11,0,0,0,0,0,32767,0,0
260,2238050,37785,14275,10922,577,0,0,23885,28960,0,1,0,0,0,11,0,0,0,0,0,32767,0,0
261,2248972,37785,14737,10922,462,0,0,23852,28956,0,1,0,0,0,267,0,0,0,0,0,32767,0,0
262,2259894,37785,15084,10922,347,0,0,23819,28952,0,1,0,0,0,267,0,0,0,0,0,32767,0,0
263,2270816,37785,15316,10922,232,0,0,23786,28948,0,1,0,0,0,267,0,0,0,0,0,32767,0,0
264,2281738,37785,15433,10922,117,0,0,23753,28944,0,1,0,0,0,267,0,0,0,0,0,32767,0,0
265,2292660,37785,15435,10922,2,0,0,23720,28940,0,1,0,0,0,267,0,0,0,0,0,32767,0,0
266,2303582,37785,15322,10922,-113,0,0,23687,28936,0,1,0,0,0,267,0,0,0,0,0,32767,0,0
267,2314504,37785,15094,10922,-228,0,0,23654,28932,0,1,0,0,0,267,0,0,0,0,0,32767,0,0
268,2325426,37785,14751,10922,-343,0,0,23621,28928,0,1,0,0,0,267,0,0,0,0,0,32767,0,0
269,2336348,37785,14293,10922,-458,0,0,23588,28924,0,1,0,0,0,267,0,0,0,0,0,32767,0,0
270,2347270,37785,13720,10922,-573,0,0,23555,28920,0,1,0,0,0,267,0,0,0,0,0,32767,0,0
271,2358192,37785,13032,10922,-688,0,0,23522,28916,0,1,0,0,0,267,0,0,0,0,0,32767,0,0
272,2369114,37785,12229,10922,-803,0,0,23489,28912,0,1,0,0,0,267,0,0,0,0,0,32767,0,0
273,2380036,37785,11311,10922,-918,0,0,23456,28908,0,1,0,0,0,11,0,0,0,0,0,32767,0,0
274,2390958,37785,10278,10922,-1033,0,0,23423,28904,0,1,0,0,0,11,0,0,0,0,0,32767,0,0
275,2401880,37785,10240,10922,-1148,0,0,23390,28900,1,0,0,0,0,11,0,0,0,0,0,32767,0,0
276,2412802,37079,10699,10922,459,-29,0,23357,28896,0,0,0,0,0,11,0,0,0,0,0,32767,0,2
277,2423724,37079,11043,10922,344,0,0,23324,28892,0,0,0,0,0,11,0,0,0,0,0,32767,0,0
278,2434646,37079,11272,10922,229,0,0,23291,28888,0,0,0,0,0,11,0,0,0,0,0,32767,0,0
279,2445568,37079,11386,10922,114,0,0,23258,28884,0,0,0,0,0,11,0,0,0,0,0,32767,0,0
280,2456490,37079,11385,10922,-1,0,0,23225,28880,0,0,0,0,0,11,0,0,0,0,0,32767,0,0
281,2467412,37079,11269,10922,-116,0,0,23192,28876,0,0,0,0,0,11,0,0,0,0,0,32767,0,0
282,2478334,37079,11038,10922,-231,0,0,23159,28872,0,0,0,0,0,11,0,0,0,0,0,32767,0,0
283,2489256,36373,10692,10922,-346,-29,0,23126,28868,0,0,0,0,0,11,0,0,0,0,0,32767,0,0
284,2500178,35667,10240,10922,-461,-29,0,23093,28864,1,0,0,0,0,11,0,0,0,0,0,32767,0,0
285,2511100,34961,10355,10922,115,-29,0,23060,28860,0,0,0,0,0,11,0,0,0,0,0,32767,0,2
286,2522022,34255,10355,10922,0,-29,0,23027,28856,0,0,0,0,0,11,0,0,0,0,0,32767,0,0
287,2532944,33549,10240,10922,-115,-29,0,22994,28852,0,0,0,0,0,11,0,0,0,0,0,32767,0,0
288,2543866,32843,10240,10922,-230,-29,0,22961,28848,1,0,0,0,0,11,0,0,0,0,0,32767,0,0
289,2554788,32137,10240,10922,-115,-29,0,22928,28844,1,0,0,0,0,11,0,0,0,0,0,32767,0,0
290,2565710,32000,10240,10771,-115,0,0,22896,28840,1,0,0,0,0,11,0,0,0,0,0,32767,0,0
291,2576556,32000,10240,10695,-115,0,0,22864,28836,1,0,0,0,0,779,0,0,0,0,0,32767,0,0
292,2587326,32000,10367,10619,1037,0,0,22832,28832,0,1,0,0,0,779,0,0,0,0,0,32767,0,0
293,2598020,32000,10240,10694,-633,0,0,22800,28828,1,0,0,0,0,779,0,0,0,0,0,32767,0,0
294,2608789,32000,10367,10618,1037,0,0,22768,28824,0,1,0,0,0,779,0,0,0,0,0,32767,0,2
295,2619482,32000,10240,10693,-633,0,0,22736,28820,1,0,0,0,0,779,0,0,0,0,0,32767,0,0
296,2630250,32000,10367,10617,1037,0,0,22704,28816,0,1,0,0,0,779,0,0,0,0,0,32767,0,0
297,2640942,32000,10240,10692,-633,0,0,22672,28812,1,0,0,0,0,779,0,0,0,0,0,32767,0,0
298,2651709,32698,10441,10767,201,29,0,22640,28808,0,0,0,0,0,779,0,0,0,0,0,32767,0,0
299,2662551,33279,10527,10691,86,0,0,22608,28804,0,0,0,0,0,779,0,0,0,0,0,32767,0,0
300,2673317,33279,10498,10615,-29,0,0,22576,28800,0,0,0,0,0,779,0,0,0,0,0,32767,0,0
301,2684007,32586,10751,10690,1037,-29,0,22544,28796,0,1,0,0,0,779,0,0,0,0,0,32767,0,0
302,2694772,32000,10240,10614,-633,0,0,22512,28792,1,0,0,0,0,779,0,0,0,0,0,32767,0,0
303,2705461,32000,10367,10538,1037,0,0,22480,28788,0,1,0,0,0,779,0,0,0,0,0,32767,0,2
304,2716074,32000,10240,10613,-633,0,0,22448,28784,1,0,0,0,0,779,0,0,0,0,0,32767,0,0
305,2726762,32000,10367,10537,201,0,0,22416,28780,0,0,0,0,0,779,0,0,0,0,0,32767,0,0
306,2737374,32000,10252,10461,-115,0,0,22385,28776,0,0,0,0,0,779,0,0,0,0,0,32767,0,0
307,2747910,32000,10240,10536,-230,0,0,22353,28772,1,0,0,0,0,779,0,0,0,0,0,32767,0,0
308,2758521,32000,10240,10611,-115,0,0,22321,28768,1,0,0,0,0,779,0,0,0,0,0,32767,0,0
309,2769207,32000,10240,10686,-115,0,0,22289,28764,1,0,0,0,0,779,0,0,0,0,0,32767,0,0
310,2779968,32000,10240,10610,-115,0,0,22257,28760,1,0,0,0,0,779,0,0,0,0,0,32767,0,0
311,2790653,32000,10240,10534,-115,0,0,22225,28756,1,0,0,0,0,779,0,0,0,0,0,32767,0,0
312,2801262,32000,10240,10458,-115,0,0,22194,28752,1,0,0,0,0,779,0,0,0,0,0,32767,0,0
313,2811645,32000,10240,10232,-115,0,0,22163,28748,1,0,0,0,0,779,0,0,0,0,0,32767,0,0
314,2821802,31337,10240,10157,-115,-29,0,22133,28744,1,0,0,0,0,779,0,0,0,0,0,32767,0,0
315,2831884,30678,10240,10082,-115,-29,0,22103,28740,1,0,0,0,0,3,0,0,0,0,0,32767,0,0
316,2841966,30678,10240,10082,-115,0,0,22073,28736,1,0,0,0,0,3,0,0,0,0,0,32767,0,0
317,2852048,30678,10240,10082,-115,0,0,22043,28732,1,0,0,0,0,3,0,0,0,0,0,32767,0,0
318,2862130,30678,10240,10082,-115,0,0,22013,28728,1,0,0,0,0,3,0,0,0,0,0,32767,0,0
319,2872212,30678,10240,10082,-115,0,0,21983,28724,1,0,0,0,0,3,0,0,0,0,0,32767,0,0
320,2882294,30678,10240,10082,-115,0,0,21953,28720,1,0,0,0,0,3,0,0,0,0,0,32767,0,0
321,2892376,30678,10240,10082,-115,0,0,21923,28716,1,0,0,0,0,3,0,0,0,0,0,32767,0,0
322,2902458,30678,10240,10082,-115,0,0,21893,28712,1,0,0,0,0,3,0,0,0,0,0,32767,0,0
323,2912540,30678,10240,10082,-115,0,0,21863,28708,1,0,0,0,0,3,0,0,0,0,0,32767,0,0
324,2922622,30678,10240,10082,-115,0,0,21833,28704,1,0,0,0,0,3,0,0,0,0,0,32767,0,0
325,2932704,30678,10240,10082,-115,0,0,21803,28700,1,0,0,0,0,3,0,0,0,0,0,32767,0,0
326,2942786,30678,10240,10082,-115,0,0,21773,28696,1,0,0,0,0,3,0,0,0,0,0,32767,0,0
327,2952868,30678,10240,10082,-115,0,0,21743,28692,1,0,0,0,0,3,0,0,0,0,0,32767,0,0
328,2962950,30678,10240,10082,-115,0,0,21713,28688,1,0,0,0,0,3,0,0,0,0,0,32767,0,0
329,2973032,30678,10240,10082,-115,0,0,21683,28684,1,0,0,0,0,3,0,0,0,0,0,32767,0,0
330,2983114,30678,10240,10082,-115,0,0,21653,28680,1,0,0,0,0,3,0,0,0,0,0,32767,0,0
331,2993271,30678,10240,10157,-115,0,0,21623,28676,1,0,0,0,0,3,0,0,0,0,0,32767,0,0
332,3003503,30678,10240,10232,-115,0,0,21592,28672,1,0,0,0,0,3,0,0,0,0,0,32767,0,0
333,3013810,30678,10240,10307,-115,0,0,21561,28668,1,0,0,0,0,3,0,0,0,0,0,32767,0,0
334,3024042,30678,10240,10232,-115,0,0,21530,28664,1,0,0,0,0,3,0,0,0,0,0,32767,0,0
335,3034199,30678,10240,10157,-115,0,0,21500,28660,1,0,0,0,0,3,0,0,0,0,0,32767,0,0
336,3044281,30678,10240,10082,-115,0,0,21470,28656,1,0,0,0,0,3,0,0,0,0,0,32767,0,0
337,3054438,30678,10240,10157,-115,0,0,21440,28652,1,0,0,0,0,3,0,0,0,0,0,32767,0,0
338,3064670,30678,10240,10232,-115,0,0,21409,28648,1,0,0,0,0,3,0,0,0,0,0,32767,0,0
339,3074977,30678,10240,10307,-115,0,0,21378,28644,1,0,0,0,0,3,0,0,0,0,0,32767,0,0
340,3085209,30678,10240,10232,-115,0,0,21347,28640,1,0,0,0,0,3,0,0,0,0,0,32767,0,0
341,3095366,30678,10240,10157,-115,0,0,21317,28636,1,0,0,0,0,3,0,0,0,0,0,32767,0,0
342,3105448,30678,10240,10082,-115,0,0,21287,28632,1,0,0,0,0,3,0,0,0,0,0,32767,0,0
343,3115605,30678,10240,10157,-115,0,0,21257,28628,1,0,0,0,0,3,0,0,0,0,0,32767,0,0
344,3125837,30678,10240,10232,-115,0,0,21226,28624,1,0,0,0,0,3,0,0,0,0,0,32767,0,0
345,3136144,30678,10240,10307,-115,0,0,21195,28620,1,0,0,0,0,3,0,0,0,0,0,32767,0,0
346,3146376,30678,10240,10232,-115,0,0,21164,28616,1,0,0,0,0,3,0,0,0,0,0,32767,0,0
347,3156533,30678,10240,10157,-115,0,0,21134,28612,1,0,0,0,0,3,0,0,0,0,0,32767,0,0
348,3166615,30678,10240,10082,-115,0,0,21104,28608,1,0,0,0,0,3,0,0,0,0,0,32767,0,0
349,3176772,30678,10240,10157,-115,0,0,21074,28604,1,0,0,0,0,3,0,0,0,0,0,32767,0,0
350,3187004,30678,10240,10232,-115,0,0,21043,28600,1,0,0,0,0,3,0,0,0,0,0,32767,0,0
351,3197311,30678,10240,10307,-115,0,0,21012,28596,1,0,0,0,0,3,0,0,0,0,0,32767,0,0
352,3207543,30678,10240,10232,-115,0,0,20981,28592,1,0,0,0,0,3,0,0,0,0,0,32767,0,0
353,3217700,30678,10240,10157,-115,0,0,20951,28588,1,0,0,0,0,3,0,0,0,0,0,32767,0,0
354,3227782,30678,10240,10082,-115,0,0,20921,28584,1,0,0,0,0,3,0,0,0,0,0,32767,0,0
355,3237939,30678,10240,10157,-115,0,0,20891,28580,1,0,0,0,0,3,0,0,0,0,0,32767,0,0
356,3248171,30678,10240,10232,-115,0,0,20860,28576,1,0,0,0,0,3,0,0,0,0,0,32767,0,0
357,3258478,30678,10240,10307,-115,0,0,20829,28572,1,0,0,0,0,3,0,0,0,0,0,32767,0,0
358,3268710,30678,10240,10232,-115,0,0,20798,28568,1,0,0,0,0,3,0,0,0,0,0,32767,0,0
359,3278867,30678,10240,10157,-115,0,0,20768,28564,1,0,0,0,0,3,0,0,0,0,0,32767,0,0
360,3288949,30678,10240,10082,-115,0,0,20738,28560,1,0,0,0,0,3,0,0,0,0,0,32767,0,0
361,3299106,30678,10240,10157,-115,0,0,20708,28556,1,0,0,0,0,3,0,0,0,0,0,32767,0,0
362,3309338,30678,10240,10232,-115,0,0,20677,28552,1,0,0,0,0,3,0,0,0,0,0,32767,0,0
363,3319645,30678,10240,10307,-115,0,0,20646,28548,1,0,0,0,0,3,0,0,0,0,0,32767,0,0
364,3329877,30678,10240,10232,-115,0,0,20615,28544,1,0,0,0,0,3,0,0,0,0,0,32767,0,0
365,3340034,30678,10240,10157,-115,0,0,20585,28540,1,0,0,0,0,3,0,0,0,0,0,32767,0,0
366,3350116,30678,10240,10082,-115,0,0,20555,28536,1,0,0,0,0,3,0,0,0,0,0,32767,0,0
367,3360273,30678,10240,10157,-115,0,0,20525,28532,1,0,0,0,0,3,0,0,0,0,0,32767,0,0
368,3370505,30678,10240,10232,-115,0,0,20494,28528,1,0,0,0,0,3,0,0,0,0,0,32767,0,0
369,3380812,30678,10240,10307,-115,0,0,20463,28524,1,0,0,0,0,3,0,0,0,0,0,32767,0,0
370,3391044,30678,10240,10232,-115,0,0,20432,28520,1,0,0,0,0,3,0,0,0,0,0,32767,0,0
371,3401201,30678,10240,10157,-115,0,0,20402,28516,1,0,0,0,0,3,0,0,0,0,0,32767,0,0
372,3411283,30678,10240,10082,-115,0,0,20372,28512,1,0,0,0,0,3,0,0,0,0,0,32767,0,0
373,3421440,30678,10240,10157,-115,0,0,20342,28508,1,0,0,0,0,3,0,0,0,0,0,32767,0,0
374,3431672,30678,10240,10232,-115,0,0,20311,28504,1,0,0,0,0,3,0,0,0,0,0,32767,0,0
375,3441979,30678,10240,10307,-115,0,0,20280,28500,1,0,0,0,0,3,0,0,0,0,0,32767,0,0
376,3452361,30678,10240,10382,-115,0,0,20249,28496,1,0,0,0,0,3,0,0,0,0,0,32767,0,0
377,3462818,30678,10240,10457,-115,0,0,20218,28492,1,0,0,0,0,3,0,0,0,0,0,32767,0,0
378,3473350,30678,10240,10532,-115,0,0,20186,28488,1,0,0,0,0,3,0,0,0,0,0,32767,0,0
379,3483957,30678,10240,10607,-115,0,0,20154,28484,1,0,0,0,0,3,0,0,0,0,0,32767,0,0
380,3494639,30678,10240,10682,-115,0,0,20122,28480,1,0,0,0,0,3,0,0,0,0,0,32767,0,0
381,3505396,30678,10240,10757,-115,0,0,20090,28476,1,0,0,0,0,3,0,0,0,0,0,32767,0,0
382,3516228,30678,10240,10832,-115,0,0,20057,28472,1,0,0,0,0,3,0,0,0,0,0,32767,0,0
383,3527135,30678,10240,10907,-115,0,0,20024,28468,1,0,0,0,0,3,0,0,0,0,0,32767,0,0
384,3538057,30678,10240,10922,-115,0,0,19991,28464,1,0,0,0,0,3,0,0,0,0,0,32767,0,0
385,3538943,32312,10240,10771,-115,0,0,19959,28460,1,0,0,0,0,3,0,0,0,0,0,32767,0,3
386,3549789,33014,10240,10846,-115,29,0,19926,28456,1,0,0,0,0,3,0,0,0,0,0,32767,0,0
387,3560710,33535,10240,10770,-115,0,0,19894,28452,1,0,0,0,0,259,0,0,0,0,0,32767,0,0
388,3571555,32833,10240,10845,-115,-29,0,19861,28448,1,0,0,0,0,259,0,0,0,0,0,32767,0,0
389,3582475,32127,10240,10920,-115,-29,0,19828,28444,1,0,0,0,0,259,0,0,0,0,0,32767,0,0
390,3582475,32127,0,10920,-115,-29,0,19828,28444,1,0,0,0,0,259,0,0,0,0,0,32767,72,0
391,3593395,32127,0,10920,-115,-29,0,19828,28444,1,0,0,0,0,259,0,0,0,0,0,32767,71,0
392,3604315,32127,0,10920,-115,-29,0,19828,28444,1,0,0,0,0,259,0,0,0,0,0,32767,70,0
393,3615235,32127,0,10920,-115,-29,0,19828,28444,1,0,0,0,0,259,0,0,0,0,0,32767,69,0
394,3626155,32127,0,10920,-115,-29,0,19828,28444,1,0,0,0,0,259,0,0,0,0,0,32767,68,0
395,3637075,32127,0,10920,-115,-29,0,19828,28444,1,0,0,0,0,259,0,0,0,0,0,32767,67,0
396,3647995,32127,0,10920,-115,-29,0,19828,28444,1,0,0,0,0,259,0,0,0,0,0,32767,66,0
397,3658915,32127,0,10920,-115,-29,0,19828,28444,1,0,0,0,0,259,0,0,0,0,0,32767,65,0
398,3669835,32127,0,10920,-115,-29,0,19828,28444,1,0,0,0,0,259,0,0,0,0,0,32767,64,0
399,3680755,32127,0,10920,-115,-29,0,19828,28444,1,0,0,0,0,259,0,0,0,0,0,32767,63,0
400,3691675,32127,0,10920,-115,-29,0,19828,28444,1,0,0,0,0,259,0,0,0,0,0,32767,62,0
401,3702595,32127,0,10920,-115,-29,0,19828,28444,1,0,0,0,0,259,0,0,0,0,0,32767,61,0
402,3713515,32127,0,10920,-115,-29,0,19828,28444,1,0,0,0,0,259,0,0,0,0,0,32767,60,0
403,3724435,32127,0,10920,-115,-29,0,19828,28444,1,0,0,0,0,259,0,0,0,0,0,32767,59,0
404,3735355,32127,0,10920,-115,-29,0,19828,28444,1,0,0,0,0,259,0,0,0,0,0,32767,58,0
405,3746275,32127,0,10920,-115,-29,0,19828,28444,1,0,0,0,0,259,0,0,0,0,0,32767,57,0
406,3757195,32127,0,10920,-115,-29,0,19828,28444,1,0,0,0,0,259,0,0,0,0,0,32767,56,0
407,3768115,32127,0,10920,-115,-29,0,19828,28444,1,0,0,0,0,259,0,0,0,0,0,32767,55,0
408,3779035,32127,0,10920,-115,-29,0,19828,28444,1,0,0,0,0,259,0,0,0,0,0,32767,54,0
409,3789955,32127,0,10920,-115,-29,0,19828,28444,1,0,0,0,0,259,0,0,0,0,0,32767,53,0
410,3800875,32127,0,10920,-115,-29,0,19828,28444,1,0,0,0,0,259,0,0,0,0,0,32767,52,0
411,3811795,32127,0,10920,-115,-29,0,19828,28444,1,0,0,0,0,259,0,0,0,0,0,32767,51,0
412,3822715,32127,0,10920,-115,-29,0,19828,28444,1,0,0,0,0,259,0,0,0,0,0,32767,50,0
413,3833635,32127,0,10920,-115,-29,0,19828,28444,1,0,0,0,0,259,0,0,0,0,0,32767,49,0
414,3844555,32127,0,10920,-115,-29,0,19828,28444,1,0,0,0,0,259,0,0,0,0,0,32767,48,0
415,3855475,32127,0,10920,-115,-29,0,19828,28444,1,0,0,0,0,259,0,0,0,0,0,32767,47,0
416,3866395,32127,0,10920,-115,-29,0,19828,28444,1,0,0,0,0,259,0,0,0,0,0,32767,46,0
417,3877315,32127,0,10920,-115,-29,0,19828,28444,1,0,0,0,0,259,0,0,0,0,0,32767,45,0
418,3888235,32127,0,10920,-115,-29,0,19828,28444,1,0,0,0,0,259,0,0,0,0,0,32767,44,0
419,3899155,32127,0,10920,-115,-29,0,19828,28444,1,0,0,0,0,259,0,0,0,0,0,32767,43,0
420,3910075,32127,0,10920,-115,-29,0,19828,28444,1,0,0,0,0,259,0,0,0,0,0,32767,42,0
421,3920995,32127,0,10920,-115,-29,0,19828,28444,1,0,0,0,0,259,0,0,0,0,0,32767,41,0
422,3931915,32127,0,10920,-115,-29,0,19828,28444,1,0,0,0,0,259,0,0,0,0,0,32767,40,0
423,3942835,32127,0,10920,-115,-29,0,19828,28444,1,0,0,0,0,259,0,0,0,0,0,32767,39,0
424,3953755,32127,0,10920,-115,-29,0,19828,28444,1,0,0,0,0,259,0,0,0,0,0,32767,38,0
425,3964675,32127,0,10920,-115,-29,0,19828,28444,1,0,0,0,0,259,0,0,0,0,0,32767,37,0
426,3975595,32127,0,10920,-115,-29,0,19828,28444,1,0,0,0,0,259,0,0,0,0,0,32767,36,0
427,3986515,32127,0,10920,-115,-29,0,19828,28444,1,0,0,0,0,259,0,0,0,0,0,32767,35,0
428,3997435,32127,0,10920,-115,-29,0,19828,28444,1,0,0,0,0,259,0,0,0,0,0,32767,34,0
429,4008355,32127,0,10920,-115,-29,0,19828,28444,1,0,0,0,0,259,0,0,0,0,0,32767,33,0
430,4019275,32127,0,10920,-115,-29,0,19828,28444,1,0,0,0,0,259,0,0,0,0,0,32767,32,0
431,4030195,32127,0,10920,-115,-29,0,19828,28444,1,0,0,0,0,259,0,0,0,0,0,32767,31,0
432,4041115,32127,0,10920,-115,-29,0,19828,28444,1,0,0,0,0,259,0,0,0,0,0,32767,30,0
433,4052035,32127,0,10920,-115,-29,0,19828,28444,1,0,0,0,0,259,0,0,0,0,0,32767,29,0
434,4062955,32127,0,10920,-115,-29,0,19828,28444,1,0,0,0,0,259,0,0,0,0,0,32767,28,0
435,4073875,32127,0,10920,-115,-29,0,19828,28444,1,0,0,0,0,259,0,0,0,0,0,32767,27,0
436,4084795,32127,0,10920,-115,-29,0,19828,28444,1,0,0,0,0,259,0,0,0,0,0,32767,26,0
437,4095715,32127,0,10920,-115,-29,0,19828,28444,1,0,0,0,0,259,0,0,0,0,0,32767,25,0
438,4106635,32127,0,10920,-115,-29,0,19828,28444,1,0,0,0,0,259,0,0,0,0,0,32767,24,0
439,4117555,32127,0,10920,-115,-29,0,19828,28444,1,0,0,0,0,259,0,0,0,0,0,32767,23,0
440,4128475,32127,0,10920,-115,-29,0,19828,28444,1,0,0,0,0,259,0,0,0,0,0,32767,22,0
441,4139395,32127,0,10920,-115,-29,0,19828,28444,1,0,0,0,0,259,0,0,0,0,0,32767,21,0
442,4150315,32127,0,10920,-115,-29,0,19828,28444,1,0,0,0,0,259,0,0,0,0,0,32767,20,0
443,4161235,32127,0,10920,-115,-29,0,19828,28444,1,0,0,0,0,259,0,0,0,0,0,32767,19,0
444,4172155,32127,0,10920,-115,-29,0,19828,28444,1,0,0,0,0,259,0,0,0,0,0,32767,18,0
445,4183075,32127,0,10920,-115,-29,0,19828,28444,1,0,0,0,0,259,0,0,0,0,0,32767,17,0
446,4193995,32127,0,10920,-115,-29,0,19828,28444,1,0,0,0,0,259,0,0,0,0,0,32767,16,0
447,4204915,32127,0,10920,-115,-29,0,19828,28444,1,0,0,0,0,259,0,0,0,0,0,32767,15,0
448,4215835,32127,0,10920,-115,-29,0,19828,28444,1,0,0,0,0,259,0,0,0,0,0,32767,14,0
449,4226755,32127,0,10920,-115,-29,0,19828,28444,1,0,0,0,0,259,0,0,0,0,0,32767,13,0
450,4237675,32127,0,10920,-115,-29,0,19828,28444,1,0,0,0,0,259,0,0,0,0,0,32767,12,0
451,4248595,32127,0,10920,-115,-29,0,19828,28444,1,0,0,0,0,259,0,0,0,0,0,32767,11,0
452,4259515,32127,0,10920,-115,-29,0,19828,28444,1,0,0,0,0,259,0,0,0,0,0,32767,10,0
453,4270435,32127,0,10920,-115,-29,0,19828,28444,1,0,0,0,0,259,0,0,0,0,0,32767,9,0
454,4281355,32127,0,10920,-115,-29,0,19828,28444,1,0,0,0,0,259,0,0,0,0,0,32767,8,0
455,4292275,32127,0,10920,-115,-29,0,19828,28444,1,0,0,0,0,259,0,0,0,0,0,32767,7,0
456,4303195,32127,0,10920,-115,-29,0,19828,28444,1,0,0,0,0,259,0,0,0,0,0,32767,6,0
457,4314115,32127,0,10920,-115,-29,0,19828,28444,1,0,0,0,0,259,0,0,0,0,0,32767,5,0
458,4325035,32127,0,10920,-115,-29,0,19828,28444,1,0,0,0,0,259,0,0,0,0,0,32767,4,0
459,4335955,32127,0,10920,-115,-29,0,19828,28444,1,0,0,0,0,259,0,0,0,0,0,32767,3,0
460,4346875,32127,0,10920,-115,-29,0,19828,28444,1,0,0,0,0,259,0,0,0,0,0,32767,2,0
461,4357795,32127,0,10920,-115,-29,0,19828,28444,1,0,0,0,0,259,0,0,0,0,0,32767,1,0
462,4368715,32127,0,10920,-115,-29,0,19828,28444,1,0,0,0,0,259,0,0,0,0,0,32767,0,0
